precisions=0.0408695652173913
recall=0.10547970824761549
novelty=0.12224115696389093