precisions=0.38150851581508516
recall=0.24944320712694878
f1=0.30165448249326665
nDCG=0.2922823438906779
coverage=0.09238152369526095
novelty=0.00781615517195193
diversity=0.9780630484237925